MODEL P1
1,1,0 = 1490039243.959512 - 1490039243.941115
1,1,1 = 1490039243.974258 - 1490039243.959643
1,1,2 = 1490039243.98729 - 1490039243.974396
1,2,0 = 1490039244.003438 - 1490039243.987427
1,2,1 = 1490039244.017773 - 1490039244.003711
1,2,2 = 1490039244.03284 - 1490039244.017929
1,3,0 = 1490039244.050695 - 1490039244.03299
1,3,1 = 1490039244.07348 - 1490039244.050825
1,3,2 = 1490039244.095041 - 1490039244.073613
1,4,0 = 1490039244.127803 - 1490039244.095166
1,4,1 = 1490039244.151211 - 1490039244.127968
1,4,2 = 1490039244.18039 - 1490039244.15133
1,5,0 = 1490039244.234117 - 1490039244.180511
1,5,1 = 1490039244.284306 - 1490039244.234253
1,5,2 = 1490039244.323588 - 1490039244.284445
1,6,0 = 1490039244.392145 - 1490039244.323709
1,6,1 = 1490039244.464648 - 1490039244.392271
1,6,2 = 1490039244.527628 - 1490039244.464789
2,1,0 = 1490039244.558807 - 1490039244.527756
2,1,1 = 1490039244.594265 - 1490039244.558949
2,1,2 = 1490039244.623336 - 1490039244.594442
2,2,0 = 1490039244.649613 - 1490039244.623467
2,2,1 = 1490039244.676049 - 1490039244.649743
2,2,2 = 1490039244.699101 - 1490039244.676169
2,3,0 = 1490039244.720769 - 1490039244.699282
2,3,1 = 1490039244.747649 - 1490039244.720906
2,3,2 = 1490039244.776584 - 1490039244.747799
2,4,0 = 1490039244.815717 - 1490039244.777072
2,4,1 = 1490039244.850822 - 1490039244.815883
2,4,2 = 1490039244.877889 - 1490039244.850981
MODEL P1a
1,1,0 = 1490039244.890353 - 1490039244.878031
1,1,1 = 1490039244.902479 - 1490039244.890528
1,1,2 = 1490039244.915472 - 1490039244.90265
1,2,0 = 1490039244.930512 - 1490039244.915982
1,2,1 = 1490039244.948655 - 1490039244.930649
1,2,2 = 1490039244.969114 - 1490039244.949098
1,3,0 = 1490039244.993635 - 1490039244.96929
1,3,1 = 1490039245.016302 - 1490039244.993789
1,3,2 = 1490039245.035495 - 1490039245.016445
1,4,0 = 1490039245.062898 - 1490039245.035616
1,4,1 = 1490039245.100549 - 1490039245.063057
1,4,2 = 1490039245.127167 - 1490039245.100676
1,5,0 = 1490039245.170695 - 1490039245.127286
1,5,1 = 1490039245.212928 - 1490039245.170852
1,5,2 = 1490039245.265091 - 1490039245.213107
1,6,0 = 1490039245.317646 - 1490039245.265245
1,6,1 = 1490039245.376883 - 1490039245.317776
1,6,2 = 1490039245.424703 - 1490039245.376998
2,1,0 = 1490039245.45079 - 1490039245.424864
2,1,1 = 1490039245.481379 - 1490039245.450916
2,1,2 = 1490039245.508839 - 1490039245.481516
2,2,0 = 1490039245.531416 - 1490039245.508987
2,2,1 = 1490039245.554092 - 1490039245.531525
2,2,2 = 1490039245.575258 - 1490039245.554203
2,3,0 = 1490039245.596776 - 1490039245.575412
2,3,1 = 1490039245.616819 - 1490039245.596908
2,3,2 = 1490039245.633992 - 1490039245.616931
2,4,0 = 1490039245.654748 - 1490039245.634106
2,4,1 = 1490039245.674764 - 1490039245.654872
2,4,2 = 1490039245.69791 - 1490039245.674923
